10000003	1
10000018	3
10000024	1
10000030	2
10000039	1
1000004	13
10000045	1
10000051	1
10000066	1
10000072	1
10000087	1
10000093	1
1000010	8
10000105	2
10000111	1
10000126	1
10000132	1
10000147	1
10000153	1
10000168	1
10000174	1
10000180	1
10000189	1
1000019	1
10000195	1
10000207	1
10000213	1
10000228	2
10000234	1
10000240	2
10000249	1
1000025	6
10000255	1
10000261	1
10000276	1
10000282	1
10000297	1
100003	1
10000300	1
10000309	1
1000031	2
10000315	2
10000321	1
10000336	4
10000342	3
10000357	1
10000363	2
10000378	2
10000384	1
10000390	1
10000399	1
10000402	1
10000417	2
10000423	3
10000438	3
10000444	2
10000450	2
10000459	3
1000046	3
10000465	2
10000471	2
10000486	3
10000492	3
10000504	4
10000510	1
10000519	1
1000052	54
10000525	1
10000531	1
10000546	1
10000552	1
10000567	1
10000573	1
10000588	2
10000594	1
10000606	3
10000612	2
10000627	2
10000633	1
10000648	1
10000654	1
10000660	2
10000669	1
1000067	4
10000675	1
10000681	1
10000696	2
10000708	1
10000714	2
10000720	3
10000729	2
1000073	1
10000735	1
10000741	1
10000756	1
10000762	1
10000777	2
10000783	1
10000798	1
10000801	1
10000816	1
10000822	2
10000837	1
10000843	2
10000858	1
10000864	1
10000870	1
10000879	1
1000088	26
10000885	1
10000891	1
10000903	1
10000918	1
10000924	1
10000930	1
10000939	1
1000094	32
10000945	2
10000951	1
10000966	1
10000972	1
10000987	1
10000993	1
10001	8598
10001002	1
10001017	2
10001023	3
10001038	1
10001044	1
10001050	1
10001059	1
1000106	8
10001065	1
10001071	1
10001086	2
10001092	1
10001104	1
10001110	1
10001119	1
10001125	1
10001131	1
10001146	2
10001152	3
10001167	1
10001173	1
10001188	1
10001194	1
10001206	1
10001212	1
10001227	1
10001233	1
10001248	1
10001254	1
10001260	1
10001269	2
1000127	22
10001275	1
10001281	1
10001296	1
10001308	1
10001314	1
10001320	1
10001329	1
1000133	4
10001335	1
10001341	1
10001356	1
10001362	1
10001377	2
10001383	1
10001398	1
10001401	1
10001416	1
10001422	2
10001437	1
10001443	2
10001458	2
10001464	1
10001470	9
10001479	3
1000148	1
10001485	2
10001491	1
10001503	1
10001518	1
10001524	1
10001530	1
10001539	1
1000154	43
10001545	1
10001551	1
10001566	1
10001572	1
10001587	2
10001593	1
1000160	32
10001605	1
10001611	1
10001626	1
10001632	1
10001647	1
10001653	1
10001668	1
10001674	1
10001680	1
10001689	1
1000169	2
10001695	1
10001707	1
10001713	1
10001728	2
10001734	1
10001740	1
10001749	1
1000175	1
10001755	4
10001761	1
10001776	1
10001782	1
10001797	1
100018	2
10001800	1
10001809	1
10001815	1
10001821	2
10001836	1
10001842	1
10001857	1
10001863	1
10001878	1
10001884	1
10001890	1
10001899	1
10001902	1
10001917	1
10001923	1
10001938	1
10001944	1
10001950	1
10001959	1
1000196	5
10001965	1
10001971	1
10001986	1
10001992	2
10002001	1
10002016	10
10002022	1
10002037	2
10002043	1
10002058	2
10002064	1
10002070	1
10002079	2
1000208	3
10002085	1
10002091	1
10002103	1
10002118	1
10002124	1
10002130	1
10002139	1
1000214	4
10002145	2
10002151	1
10002166	3
10002172	1
10002187	1
10002193	1
1000220	5
10002205	1
10002211	1
10002226	1
10002232	2
10002247	1
10002253	1
10002268	1
10002274	1
10002280	1
10002289	1
10002295	1
10002307	1
10002313	1
10002328	2
10002334	1
10002340	1
10002349	4
10002355	1
10002361	1
10002376	1
10002382	2
10002397	1
100024	4
10002400	1
10002409	1
1000241	3
10002415	1
10002421	1
10002436	1
10002442	1
10002457	1
10002463	1
10002478	1
10002484	1
10002490	1
10002499	1
10002502	1
10002517	2
10002523	1
10002538	1
10002544	1
10002550	1
10002559	1
1000256	10
10002565	1
10002571	1
10002586	2
10002592	1
10002604	1
10002610	1
10002619	1
1000262	1
10002625	1
10002631	2
10002646	1
10002652	1
10002667	1
10002673	1
10002688	1
10002694	1
10002706	1
10002712	1
10002727	1
10002733	1
10002748	1
10002754	1
10002760	1
10002769	2
10002775	1
10002781	1
10002796	1
10002808	2
10002814	1
10002820	1
10002829	2
1000283	2
10002835	2
10002841	2
10002856	2
10002862	1
10002877	2
10002883	2
10002898	2
10002901	2
10002916	2
10002922	1
10002937	1
10002943	1
10002958	1
10002964	1
10002970	1
10002979	2
1000298	2
10002985	1
10002991	3
100030	3
10003000	2
10003009	1
1000301	1
10003015	3
10003021	3
10003036	2
10003042	1
10003057	1
10003063	3
10003078	1
10003084	1
10003090	1
10003099	1
10003102	3
10003117	1
10003123	1
10003138	1
10003144	1
10003150	1
10003159	1
1000316	1
10003165	1
10003171	2
10003186	1
10003192	1
10003204	1
10003210	1
10003219	1
1000322	13
10003225	1
10003231	1
10003246	2
10003252	1
10003267	1
10003273	1
10003288	1
10003294	1
10003306	2
10003312	2
10003327	1
10003333	1
10003348	1
10003354	1
10003360	3
10003369	1
10003375	1
10003381	1
10003396	1
10003408	1
10003414	1
10003429	1
10003435	1
10003441	1
10003456	1
10003462	1
10003477	2
10003483	1
10003498	1
10003501	1
10003516	1
10003522	1
10003537	1
10003543	1
10003558	1
10003564	1
10003570	1
10003579	1
1000358	2
10003585	1
10003591	2
10003603	1
10003618	1
10003624	1
10003630	1
10003639	1
1000364	1
10003645	1
10003651	1
10003666	1
10003672	1
10003687	1
10003693	1
1000370	2
10003705	1
10003711	1
10003726	1
10003732	1
10003747	1
10003753	1
10003768	1
10003774	1
10003780	1
10003789	1
1000379	24
10003795	1
10003807	4
10003813	5
10003828	1
10003834	1
10003840	3
10003849	1
1000385	149
10003855	2
10003861	5
10003876	1
10003882	1
10003897	2
10003900	1
10003909	2
1000391	13
10003915	1
10003921	1
10003936	1
10003942	1
10003957	1
10003963	2
10003978	2
10003984	1
10003990	1
10003999	1
10004008	1
10004014	1
10004020	1
10004029	1
1000403	8
10004035	3
10004041	1
10004056	1
10004062	1
10004077	1
10004083	1
10004098	1
10004101	1
10004116	1
10004122	1
10004137	1
10004143	1
10004158	1
10004164	1
10004170	1
10004179	1
1000418	25
10004185	1
10004191	1
10004203	1
10004218	1
10004224	1
10004230	1
10004239	1
1000424	8
10004245	1
10004251	1
10004266	1
10004272	2
10004287	1
10004293	1
1000430	10
10004305	1
10004311	1
10004326	1
10004332	2
10004347	1
10004353	1
10004368	1
10004374	1
10004380	1
10004389	1
1000439	6
10004395	1
10004407	1
10004413	1
10004428	1
10004434	1
10004440	1
10004449	1
1000445	17
10004455	1
10004461	1
10004476	1
10004482	1
10004497	1
10004500	1
10004509	1
1000451	1
10004515	1
10004521	1
10004536	1
10004542	1
10004557	1
10004563	1
10004578	1
10004584	1
10004590	1
10004599	1
10004602	1
10004617	1
10004623	1
10004638	1
10004644	1
10004650	1
10004659	1
1000466	3
10004665	1
10004671	4
10004686	1
10004692	1
10004704	1
10004710	1
10004719	1
1000472	8
10004725	1
10004731	3
10004746	1
10004752	1
10004767	1
10004773	4
10004788	1
10004794	1
10004806	1
10004812	1
10004827	1
10004833	1
10004848	2
10004854	1
10004860	1
10004869	1
10004875	1
10004881	1
10004896	1
10004908	2
10004914	2
10004920	1
10004929	1
1000493	3
10004935	1
10004941	2
10004956	1
10004962	2
10004977	1
10004983	1
10004998	1
10005007	1
10005013	1
10005028	2
10005034	1
10005040	1
10005049	3
1000505	1
10005055	1
10005061	4
10005076	1
10005082	1
10005097	1
100051	1
10005100	1
10005109	1
10005115	2
10005121	1
10005136	1
10005142	1
10005157	1
10005163	1
10005178	1
10005184	1
10005190	1
10005199	1
10005202	1
10005217	1
10005223	1
10005238	2
10005244	1
10005250	1
10005259	1
10005265	1
10005271	1
10005286	1
10005292	1
10005304	1
10005310	1
10005319	1
1000532	1
10005325	1
10005331	1
10005346	4
10005352	2
10005367	1
10005373	5
10005388	1
10005394	1
10005406	2
10005412	6
10005427	2
10005433	1
10005448	1
10005454	1
10005460	1
10005469	2
1000547	3
10005475	1
10005481	2
10005496	1
10005508	3
10005514	1
10005520	2
10005529	1
1000553	7
10005535	1
10005541	1
10005556	1
10005562	2
10005577	1
10005583	1
10005598	1
10005601	1
10005616	4
10005622	1
10005637	1
10005643	2
10005658	2
10005664	1
10005670	1
10005679	1
1000568	3
10005685	2
10005691	1
10005703	1
10005718	1
10005724	2
10005730	1
10005739	1
1000574	2
10005745	1
10005751	1
10005766	1
10005772	1
10005787	1
10005793	1
1000580	1
10005805	1
10005811	1
10005826	1
10005832	1
10005847	1
10005853	1
10005868	1
10005874	1
10005880	1
10005889	1
1000589	2
10005895	1
10005907	1
10005913	1
10005928	3
10005934	1
10005940	1
10005949	3
1000595	5
10005955	1
10005961	1
10005976	2
10005982	2
10005997	1
10006006	1
10006012	2
10006027	1
10006033	1
10006048	3
10006054	1
10006060	1
10006069	1
1000607	8
10006075	1
10006081	1
10006096	2
10006108	2
10006114	1
10006120	1
10006129	1
1000613	1
10006135	2
10006141	1
10006156	1
10006162	1
10006177	3
10006183	1
10006198	1
10006201	1
10006216	1
10006222	1
10006237	1
10006243	7
10006258	1
10006264	1
10006270	1
10006279	1
10006285	1
10006291	1
10006303	2
10006318	1
10006324	1
10006330	2
10006339	1
1000634	1
10006345	1
10006351	1
10006366	1
10006372	1
10006387	1
10006393	1
10006405	2
10006411	2
10006426	1
10006432	1
10006447	3
10006453	1
10006468	1
10006474	2
10006480	2
10006489	2
1000649	1
10006495	2
10006507	1
10006513	1
10006528	3
10006534	1
10006540	1
10006549	2
1000655	1
10006561	1
10006576	1
10006582	2
10006597	1
100066	59
10006600	1
10006609	1
10006615	1
10006621	1
10006636	1
10006642	1
10006657	1
10006663	1
10006678	1
10006684	1
10006690	2
10006699	1
10006702	1
10006717	1
10006723	2
10006738	4
10006744	1
10006750	1
10006759	1
1000676	22
10006765	1
10006771	1
10006786	1
10006792	1
10006804	1
10006810	1
10006819	1
1000682	4
10006825	1
10006831	1
10006846	1
10006852	1
10006867	2
10006873	1
10006888	1
10006894	1
10006906	1
10006912	2
10006927	3
10006933	3
10006948	5
10006954	3
10006960	1
10006969	1
1000697	36
10006975	1
10006981	1
10006996	1
1000700	3
10007005	1
10007011	3
10007026	1
10007032	1
10007047	1
10007053	1
10007068	1
10007074	1
10007080	1
10007089	1
1000709	3
10007095	1
10007107	2
10007113	1
10007128	1
10007134	1
10007140	1
10007149	2
1000715	3
10007155	1
10007161	1
10007176	1
10007182	1
10007197	1
10007200	1
10007209	1
1000721	41
10007215	1
10007221	2
10007236	3
10007242	1
10007257	1
10007263	1
10007278	1
10007284	1
10007290	1
10007299	1
10007302	1
10007317	1
10007323	1
10007338	1
10007344	2
10007350	3
10007359	5
1000736	5
10007365	2
10007371	3
10007386	1
10007392	1
10007404	1
10007410	1
10007419	1
1000742	5
10007425	1
10007431	1
10007446	1
10007452	1
10007467	1
10007473	1
10007488	1
10007494	1
10007506	1
10007512	1
10007527	1
10007533	1
10007548	2
10007554	1
10007560	1
10007569	1
1000757	8
10007575	1
10007581	1
10007596	1
10007608	1
10007614	1
10007620	2
10007629	1
1000763	3
10007635	5
10007641	1
10007656	2
10007662	1
10007677	1
10007683	1
10007698	1
10007701	1
10007716	2
10007722	1
10007737	1
10007743	1
10007758	1
10007764	1
10007770	1
10007779	1
1000778	6
10007785	1
10007791	1
10007803	1
10007818	7
10007824	1
10007830	1
10007839	1
10007845	1
10007851	1
10007866	1
10007872	1
10007887	6
10007893	1
1000790	1
10007905	3
10007911	1
10007926	1
10007932	1
10007947	1
10007953	4
10007968	1
10007974	1
10007980	2
10007989	1
1000799	7
10007995	1
10008004	1
10008010	1
10008019	1
1000802	4
10008025	1
10008031	1
10008046	1
10008052	1
10008067	1
10008073	1
10008088	1
10008094	1
10008106	1
10008112	2
10008127	4
10008133	1
10008148	1
10008154	1
10008160	1
10008169	1
1000817	7
10008175	1
10008181	1
10008196	1
10008208	1
10008214	3
10008220	1
10008229	1
10008235	1
10008241	1
10008256	1
