285550,1.0100451202102523E-6
285551,1.0100451202102523E-6
285552,1.0100451202102523E-6
285553,1.0100451202102523E-6
285554,1.0100451202102523E-6
285555,1.0100451202102523E-6
285556,1.0100451202102523E-6
285557,1.0100451202102523E-6
285558,1.0100451202102523E-6
285559,1.0100451202102523E-6
285560,1.0100451202102523E-6
285561,1.0100451202102523E-6
285562,1.0100451202102523E-6
285563,1.0100451202102523E-6
285564,1.0100451202102523E-6
285565,1.0100451202102523E-6
285566,1.0100451202102523E-6
285567,1.0100451202102523E-6
285568,1.0100451202102523E-6
285569,1.0100451202102523E-6
1,1.0090360841261088E-9
2,2.017064140196183E-9
3,3.0240851752312228E-9
4,4.030100195246216E-9
5,5.035110205251211E-9
6,6.039116209252205E-9
7,7.0421192102522165E-9
8,8.044120210252238E-9
9,9.045120210252258E-9
285570,1.0100451202102523E-6
285571,1.0100451202102523E-6
285572,1.0100451202102523E-6
285573,1.0100451202102523E-6
285574,1.0100451202102523E-6
285575,1.0100451202102523E-6
863900,1.0100451202102523E-6
285576,1.0100451202102523E-6
863901,1.0100451202102523E-6
285577,1.0100451202102523E-6
863902,1.0100451202102523E-6
285578,1.0100451202102523E-6
863903,1.0100451202102523E-6
285579,1.0100451202102523E-6
863904,1.0100451202102523E-6
863905,1.0100451202102523E-6
863906,1.0100451202102523E-6
863907,1.0100451202102523E-6
863908,1.0100451202102523E-6
863909,1.0100451202102523E-6
285580,1.0100451202102523E-6
285581,1.0100451202102523E-6
285582,1.0100451202102523E-6
285583,1.0100451202102523E-6
285584,1.0100451202102523E-6
560100,1.0100451202102523E-6
285585,1.0100451202102523E-6
560101,1.0100451202102523E-6
285586,1.0100451202102523E-6
560102,1.0100451202102523E-6
285587,1.0100451202102523E-6
560103,1.0100451202102523E-6
285588,1.0100451202102523E-6
560104,1.0100451202102523E-6
285589,1.0100451202102523E-6
560105,1.0100451202102523E-6
560106,1.0100451202102523E-6
560107,1.0100451202102523E-6
560108,1.0100451202102523E-6
560109,1.0100451202102523E-6
285590,1.0100451202102523E-6
285591,1.0100451202102523E-6
285592,1.0100451202102523E-6
995764,1.0100451202102523E-6
995765,1.0100451202102523E-6
995766,1.0100451202102523E-6
995767,1.0100451202102523E-6
995768,1.0100451202102523E-6
285510,1.0100451202102523E-6
995769,1.0100451202102523E-6
285511,1.0100451202102523E-6
285512,1.0100451202102523E-6
285513,1.0100451202102523E-6
285514,1.0100451202102523E-6
285515,1.0100451202102523E-6
285516,1.0100451202102523E-6
285517,1.0100451202102523E-6
285518,1.0100451202102523E-6
285519,1.0100451202102523E-6
995770,1.0100451202102523E-6
995771,1.0100451202102523E-6
995772,1.0100451202102523E-6
995773,1.0100451202102523E-6
995774,1.0100451202102523E-6
995775,1.0100451202102523E-6
995776,1.0100451202102523E-6
995777,1.0100451202102523E-6
995778,1.0100451202102523E-6
285520,1.0100451202102523E-6
995779,1.0100451202102523E-6
285521,1.0100451202102523E-6
285522,1.0100451202102523E-6
285523,1.0100451202102523E-6
285524,1.0100451202102523E-6
285525,1.0100451202102523E-6
285526,1.0100451202102523E-6
285527,1.0100451202102523E-6
285528,1.0100451202102523E-6
285529,1.0100451202102523E-6
995780,1.0100451202102523E-6
995781,1.0100451202102523E-6
995782,1.0100451202102523E-6
995783,1.0100451202102523E-6
995784,1.0100451202102523E-6
995785,1.0100451202102523E-6
995786,1.0100451202102523E-6
995787,1.0100451202102523E-6
995788,1.0100451202102523E-6
285530,1.0100451202102523E-6
995789,1.0100451202102523E-6
285531,1.0100451202102523E-6
285532,1.0100451202102523E-6
285533,1.0100451202102523E-6
285534,1.0100451202102523E-6
285535,1.0100451202102523E-6
285536,1.0100451202102523E-6
285537,1.0100451202102523E-6
285538,1.0100451202102523E-6
285539,1.0100451202102523E-6
995790,1.0100451202102523E-6
995791,1.0100451202102523E-6
995792,1.0100451202102523E-6
995793,1.0100451202102523E-6
995794,1.0100451202102523E-6
995795,1.0100451202102523E-6
995796,1.0100451202102523E-6
995797,1.0100451202102523E-6
995798,1.0100451202102523E-6
285540,1.0100451202102523E-6
995799,1.0100451202102523E-6
285541,1.0100451202102523E-6
285542,1.0100451202102523E-6
285543,1.0100451202102523E-6
285544,1.0100451202102523E-6
285545,1.0100451202102523E-6
285546,1.0100451202102523E-6
285547,1.0100451202102523E-6
285548,1.0100451202102523E-6
285549,1.0100451202102523E-6
863962,1.0100451202102523E-6
863963,1.0100451202102523E-6
863964,1.0100451202102523E-6
863965,1.0100451202102523E-6
863966,1.0100451202102523E-6
863967,1.0100451202102523E-6
863968,1.0100451202102523E-6
153710,1.0100451202102523E-6
863969,1.0100451202102523E-6
153711,1.0100451202102523E-6
153712,1.0100451202102523E-6
153713,1.0100451202102523E-6
153714,1.0100451202102523E-6
153715,1.0100451202102523E-6
153716,1.0100451202102523E-6
153717,1.0100451202102523E-6
153718,1.0100451202102523E-6
153719,1.0100451202102523E-6
863970,1.0100451202102523E-6
863971,1.0100451202102523E-6
863972,1.0100451202102523E-6
863951,1.0100451202102523E-6
863952,1.0100451202102523E-6
863953,1.0100451202102523E-6
863954,1.0100451202102523E-6
863955,1.0100451202102523E-6
863956,1.0100451202102523E-6
863957,1.0100451202102523E-6
863958,1.0100451202102523E-6
153700,1.0100451202102523E-6
863959,1.0100451202102523E-6
153701,1.0100451202102523E-6
153702,1.0100451202102523E-6
153703,1.0100451202102523E-6
153704,1.0100451202102523E-6
153705,1.0100451202102523E-6
153706,1.0100451202102523E-6
153707,1.0100451202102523E-6
153708,1.0100451202102523E-6
153709,1.0100451202102523E-6
863960,1.0100451202102523E-6
863961,1.0100451202102523E-6
863984,1.0100451202102523E-6
863985,1.0100451202102523E-6
863986,1.0100451202102523E-6
863987,1.0100451202102523E-6
863988,1.0100451202102523E-6
153730,1.0100451202102523E-6
863989,1.0100451202102523E-6
153731,1.0100451202102523E-6
153732,1.0100451202102523E-6
153733,1.0100451202102523E-6
153734,1.0100451202102523E-6
153735,1.0100451202102523E-6
153736,1.0100451202102523E-6
153737,1.0100451202102523E-6
153738,1.0100451202102523E-6
153739,1.0100451202102523E-6
863990,1.0100451202102523E-6
863991,1.0100451202102523E-6
863992,1.0100451202102523E-6
863993,1.0100451202102523E-6
863994,1.0100451202102523E-6
863973,1.0100451202102523E-6
863974,1.0100451202102523E-6
863975,1.0100451202102523E-6
863976,1.0100451202102523E-6
863977,1.0100451202102523E-6
863978,1.0100451202102523E-6
153720,1.0100451202102523E-6
863979,1.0100451202102523E-6
153721,1.0100451202102523E-6
153722,1.0100451202102523E-6
153723,1.0100451202102523E-6
153724,1.0100451202102523E-6
153725,1.0100451202102523E-6
153726,1.0100451202102523E-6
153727,1.0100451202102523E-6
153728,1.0100451202102523E-6
153729,1.0100451202102523E-6
863980,1.0100451202102523E-6
863981,1.0100451202102523E-6
863982,1.0100451202102523E-6
863983,1.0100451202102523E-6
285593,1.0100451202102523E-6
285594,1.0100451202102523E-6
285595,1.0100451202102523E-6
863920,1.0100451202102523E-6
285596,1.0100451202102523E-6
863921,1.0100451202102523E-6
285597,1.0100451202102523E-6
863922,1.0100451202102523E-6
285598,1.0100451202102523E-6
863923,1.0100451202102523E-6
285599,1.0100451202102523E-6
863924,1.0100451202102523E-6
863925,1.0100451202102523E-6
863926,1.0100451202102523E-6
863927,1.0100451202102523E-6
863928,1.0100451202102523E-6
863929,1.0100451202102523E-6
863910,1.0100451202102523E-6
863911,1.0100451202102523E-6
863912,1.0100451202102523E-6
863913,1.0100451202102523E-6
863914,1.0100451202102523E-6
863915,1.0100451202102523E-6
863916,1.0100451202102523E-6
863917,1.0100451202102523E-6
863918,1.0100451202102523E-6
863919,1.0100451202102523E-6
863940,1.0100451202102523E-6
863941,1.0100451202102523E-6
863942,1.0100451202102523E-6
863943,1.0100451202102523E-6
863944,1.0100451202102523E-6
863945,1.0100451202102523E-6
863946,1.0100451202102523E-6
863947,1.0100451202102523E-6
863948,1.0100451202102523E-6
863949,1.0100451202102523E-6
863950,1.0100451202102523E-6
863930,1.0100451202102523E-6
863931,1.0100451202102523E-6
863932,1.0100451202102523E-6
863933,1.0100451202102523E-6
863934,1.0100451202102523E-6
863935,1.0100451202102523E-6
863936,1.0100451202102523E-6
863937,1.0100451202102523E-6
863938,1.0100451202102523E-6
863939,1.0100451202102523E-6
153670,1.0100451202102523E-6
153671,1.0100451202102523E-6
153672,1.0100451202102523E-6
153673,1.0100451202102523E-6
153674,1.0100451202102523E-6
153675,1.0100451202102523E-6
153676,1.0100451202102523E-6
153677,1.0100451202102523E-6
153678,1.0100451202102523E-6
153679,1.0100451202102523E-6
75970,1.0100451202102523E-6
75971,1.0100451202102523E-6
75972,1.0100451202102523E-6
75973,1.0100451202102523E-6
75974,1.0100451202102523E-6
75975,1.0100451202102523E-6
75976,1.0100451202102523E-6
75977,1.0100451202102523E-6
75978,1.0100451202102523E-6
75979,1.0100451202102523E-6
153680,1.0100451202102523E-6
153660,1.0100451202102523E-6
153661,1.0100451202102523E-6
153662,1.0100451202102523E-6
153663,1.0100451202102523E-6
153664,1.0100451202102523E-6
153665,1.0100451202102523E-6
153666,1.0100451202102523E-6
153667,1.0100451202102523E-6
153668,1.0100451202102523E-6
153669,1.0100451202102523E-6
75960,1.0100451202102523E-6
75961,1.0100451202102523E-6
75962,1.0100451202102523E-6
75963,1.0100451202102523E-6
75964,1.0100451202102523E-6
75965,1.0100451202102523E-6
75966,1.0100451202102523E-6
75967,1.0100451202102523E-6
75968,1.0100451202102523E-6
75969,1.0100451202102523E-6
153692,1.0100451202102523E-6
153693,1.0100451202102523E-6
153694,1.0100451202102523E-6
153695,1.0100451202102523E-6
153696,1.0100451202102523E-6
153697,1.0100451202102523E-6
153698,1.0100451202102523E-6
153699,1.0100451202102523E-6
75990,1.0100451202102523E-6
75991,1.0100451202102523E-6
75992,1.0100451202102523E-6
75993,1.0100451202102523E-6
75994,1.0100451202102523E-6
75995,1.0100451202102523E-6
75996,1.0100451202102523E-6
75997,1.0100451202102523E-6
75998,1.0100451202102523E-6
75999,1.0100451202102523E-6
153681,1.0100451202102523E-6
153682,1.0100451202102523E-6
153683,1.0100451202102523E-6
153684,1.0100451202102523E-6
153685,1.0100451202102523E-6
153686,1.0100451202102523E-6
153687,1.0100451202102523E-6
153688,1.0100451202102523E-6
153689,1.0100451202102523E-6
75980,1.0100451202102523E-6
75981,1.0100451202102523E-6
75982,1.0100451202102523E-6
75983,1.0100451202102523E-6
75984,1.0100451202102523E-6
75985,1.0100451202102523E-6
75986,1.0100451202102523E-6
75987,1.0100451202102523E-6
75988,1.0100451202102523E-6
75989,1.0100451202102523E-6
153690,1.0100451202102523E-6
153691,1.0100451202102523E-6
560197,1.0100451202102523E-6
863885,1.0100451202102523E-6
560198,1.0100451202102523E-6
863886,1.0100451202102523E-6
560199,1.0100451202102523E-6
863887,1.0100451202102523E-6
863888,1.0100451202102523E-6
153630,1.0100451202102523E-6
863889,1.0100451202102523E-6
153631,1.0100451202102523E-6
153632,1.0100451202102523E-6
153633,1.0100451202102523E-6
153634,1.0100451202102523E-6
153635,1.0100451202102523E-6
153636,1.0100451202102523E-6
153637,1.0100451202102523E-6
153638,1.0100451202102523E-6
153639,1.0100451202102523E-6
863890,1.0100451202102523E-6
863891,1.0100451202102523E-6
863892,1.0100451202102523E-6
863893,1.0100451202102523E-6
863894,1.0100451202102523E-6
863895,1.0100451202102523E-6
863874,1.0100451202102523E-6
863875,1.0100451202102523E-6
863876,1.0100451202102523E-6
863877,1.0100451202102523E-6
863878,1.0100451202102523E-6
153620,1.0100451202102523E-6
863879,1.0100451202102523E-6
153621,1.0100451202102523E-6
153622,1.0100451202102523E-6
153623,1.0100451202102523E-6
153624,1.0100451202102523E-6
153625,1.0100451202102523E-6
153626,1.0100451202102523E-6
153627,1.0100451202102523E-6
153628,1.0100451202102523E-6
153629,1.0100451202102523E-6
863880,1.0100451202102523E-6
863881,1.0100451202102523E-6
863882,1.0100451202102523E-6
863883,1.0100451202102523E-6
863884,1.0100451202102523E-6
153650,1.0100451202102523E-6
153651,1.0100451202102523E-6
153652,1.0100451202102523E-6
153653,1.0100451202102523E-6
153654,1.0100451202102523E-6
153655,1.0100451202102523E-6
153656,1.0100451202102523E-6
153657,1.0100451202102523E-6
153658,1.0100451202102523E-6
153659,1.0100451202102523E-6
863896,1.0100451202102523E-6
863897,1.0100451202102523E-6
863898,1.0100451202102523E-6
153640,1.0100451202102523E-6
863899,1.0100451202102523E-6
153641,1.0100451202102523E-6
153642,1.0100451202102523E-6
153643,1.0100451202102523E-6
153644,1.0100451202102523E-6
153645,1.0100451202102523E-6
153646,1.0100451202102523E-6
153647,1.0100451202102523E-6
153648,1.0100451202102523E-6
153649,1.0100451202102523E-6
560153,1.0100451202102523E-6
995841,1.0100451202102523E-6
560154,1.0100451202102523E-6
995842,1.0100451202102523E-6
560155,1.0100451202102523E-6
995843,1.0100451202102523E-6
560156,1.0100451202102523E-6
995844,1.0100451202102523E-6
560157,1.0100451202102523E-6
995845,1.0100451202102523E-6
560158,1.0100451202102523E-6
995846,1.0100451202102523E-6
560159,1.0100451202102523E-6
995847,1.0100451202102523E-6
995848,1.0100451202102523E-6
995849,1.0100451202102523E-6
560160,1.0100451202102523E-6
560161,1.0100451202102523E-6
560162,1.0100451202102523E-6
995850,1.0100451202102523E-6
560163,1.0100451202102523E-6
995851,1.0100451202102523E-6
560164,1.0100451202102523E-6
995852,1.0100451202102523E-6
560165,1.0100451202102523E-6
995853,1.0100451202102523E-6
560166,1.0100451202102523E-6
995854,1.0100451202102523E-6
560167,1.0100451202102523E-6
995855,1.0100451202102523E-6
560168,1.0100451202102523E-6
995856,1.0100451202102523E-6
560169,1.0100451202102523E-6
995857,1.0100451202102523E-6
995858,1.0100451202102523E-6
285600,1.0100451202102523E-6
995859,1.0100451202102523E-6
285601,1.0100451202102523E-6
285602,1.0100451202102523E-6
285603,1.0100451202102523E-6
285604,1.0100451202102523E-6
285605,1.0100451202102523E-6
285606,1.0100451202102523E-6
285607,1.0100451202102523E-6
285608,1.0100451202102523E-6
285609,1.0100451202102523E-6
560170,1.0100451202102523E-6
560171,1.0100451202102523E-6
560172,1.0100451202102523E-6
995860,1.0100451202102523E-6
560173,1.0100451202102523E-6
995861,1.0100451202102523E-6
560174,1.0100451202102523E-6
995862,1.0100451202102523E-6
560175,1.0100451202102523E-6
75905,1.0100451202102523E-6
995863,1.0100451202102523E-6
560176,1.0100451202102523E-6
75906,1.0100451202102523E-6
995864,1.0100451202102523E-6
560177,1.0100451202102523E-6
75907,1.0100451202102523E-6
995865,1.0100451202102523E-6
560178,1.0100451202102523E-6
75908,1.0100451202102523E-6
995866,1.0100451202102523E-6
560179,1.0100451202102523E-6
75909,1.0100451202102523E-6
995867,1.0100451202102523E-6
995868,1.0100451202102523E-6
285610,1.0100451202102523E-6
995869,1.0100451202102523E-6
285611,1.0100451202102523E-6
285612,1.0100451202102523E-6
285613,1.0100451202102523E-6
285614,1.0100451202102523E-6
285615,1.0100451202102523E-6
285616,1.0100451202102523E-6
285617,1.0100451202102523E-6
285618,1.0100451202102523E-6
285619,1.0100451202102523E-6
560180,1.0100451202102523E-6
75910,1.0100451202102523E-6
560181,1.0100451202102523E-6
75911,1.0100451202102523E-6
560182,1.0100451202102523E-6
75912,1.0100451202102523E-6
995870,1.0100451202102523E-6
560183,1.0100451202102523E-6
75913,1.0100451202102523E-6
995871,1.0100451202102523E-6
560184,1.0100451202102523E-6
75914,1.0100451202102523E-6
995872,1.0100451202102523E-6
560185,1.0100451202102523E-6
75915,1.0100451202102523E-6
995873,1.0100451202102523E-6
560186,1.0100451202102523E-6
995874,1.0100451202102523E-6
560187,1.0100451202102523E-6
995875,1.0100451202102523E-6
560188,1.0100451202102523E-6
995876,1.0100451202102523E-6
560189,1.0100451202102523E-6
995877,1.0100451202102523E-6
995878,1.0100451202102523E-6
285620,1.0100451202102523E-6
995879,1.0100451202102523E-6
285621,1.0100451202102523E-6
285622,1.0100451202102523E-6
285623,1.0100451202102523E-6
285624,1.0100451202102523E-6
285625,1.0100451202102523E-6
285626,1.0100451202102523E-6
285627,1.0100451202102523E-6
285628,1.0100451202102523E-6
285629,1.0100451202102523E-6
560190,1.0100451202102523E-6
560191,1.0100451202102523E-6
560192,1.0100451202102523E-6
75900,1.0100451202102523E-6
995880,1.0100451202102523E-6
560193,1.0100451202102523E-6
75901,1.0100451202102523E-6
995881,1.0100451202102523E-6
560194,1.0100451202102523E-6
75902,1.0100451202102523E-6
995882,1.0100451202102523E-6
560195,1.0100451202102523E-6
75903,1.0100451202102523E-6
995883,1.0100451202102523E-6
560196,1.0100451202102523E-6
75904,1.0100451202102523E-6
995884,1.0100451202102523E-6
75927,1.0100451202102523E-6
560110,1.0100451202102523E-6
75928,1.0100451202102523E-6
560111,1.0100451202102523E-6
75929,1.0100451202102523E-6
560112,1.0100451202102523E-6
995800,1.0100451202102523E-6
560113,1.0100451202102523E-6
995801,1.0100451202102523E-6
560114,1.0100451202102523E-6
995802,1.0100451202102523E-6
560115,1.0100451202102523E-6
995803,1.0100451202102523E-6
560116,1.0100451202102523E-6
995804,1.0100451202102523E-6
560117,1.0100451202102523E-6
995805,1.0100451202102523E-6
560118,1.0100451202102523E-6
995806,1.0100451202102523E-6
560119,1.0100451202102523E-6
995807,1.0100451202102523E-6
995808,1.0100451202102523E-6
995809,1.0100451202102523E-6
75930,1.0100451202102523E-6
75931,1.0100451202102523E-6
75932,1.0100451202102523E-6
75933,1.0100451202102523E-6
75934,1.0100451202102523E-6
75935,1.0100451202102523E-6
75936,1.0100451202102523E-6
75937,1.0100451202102523E-6
560120,1.0100451202102523E-6
75916,1.0100451202102523E-6
560121,1.0100451202102523E-6
75917,1.0100451202102523E-6
560122,1.0100451202102523E-6
75918,1.0100451202102523E-6
995810,1.0100451202102523E-6
560123,1.0100451202102523E-6
75919,1.0100451202102523E-6
995811,1.0100451202102523E-6
560124,1.0100451202102523E-6
995812,1.0100451202102523E-6
560125,1.0100451202102523E-6
995813,1.0100451202102523E-6
560126,1.0100451202102523E-6
995814,1.0100451202102523E-6
560127,1.0100451202102523E-6
995815,1.0100451202102523E-6
560128,1.0100451202102523E-6
995816,1.0100451202102523E-6
560129,1.0100451202102523E-6
995817,1.0100451202102523E-6
995818,1.0100451202102523E-6
995819,1.0100451202102523E-6
75920,1.0100451202102523E-6
75921,1.0100451202102523E-6
75922,1.0100451202102523E-6
75923,1.0100451202102523E-6
75924,1.0100451202102523E-6
75925,1.0100451202102523E-6
560130,1.0100451202102523E-6
75926,1.0100451202102523E-6
560131,1.0100451202102523E-6
75949,1.0100451202102523E-6
560132,1.0100451202102523E-6
995820,1.0100451202102523E-6
560133,1.0100451202102523E-6
995821,1.0100451202102523E-6
560134,1.0100451202102523E-6
995822,1.0100451202102523E-6
560135,1.0100451202102523E-6
995823,1.0100451202102523E-6
560136,1.0100451202102523E-6
995824,1.0100451202102523E-6
560137,1.0100451202102523E-6
995825,1.0100451202102523E-6
560138,1.0100451202102523E-6
995826,1.0100451202102523E-6
560139,1.0100451202102523E-6
995827,1.0100451202102523E-6
995828,1.0100451202102523E-6
995829,1.0100451202102523E-6
75950,1.0100451202102523E-6
75951,1.0100451202102523E-6
75952,1.0100451202102523E-6
75953,1.0100451202102523E-6
75954,1.0100451202102523E-6
75955,1.0100451202102523E-6
75956,1.0100451202102523E-6
75957,1.0100451202102523E-6
560140,1.0100451202102523E-6
75958,1.0100451202102523E-6
560141,1.0100451202102523E-6
75959,1.0100451202102523E-6
560142,1.0100451202102523E-6
75938,1.0100451202102523E-6
995830,1.0100451202102523E-6
560143,1.0100451202102523E-6
75939,1.0100451202102523E-6
995831,1.0100451202102523E-6
560144,1.0100451202102523E-6
995832,1.0100451202102523E-6
560145,1.0100451202102523E-6
995833,1.0100451202102523E-6
560146,1.0100451202102523E-6
995834,1.0100451202102523E-6
560147,1.0100451202102523E-6
995835,1.0100451202102523E-6
560148,1.0100451202102523E-6
995836,1.0100451202102523E-6
560149,1.0100451202102523E-6
995837,1.0100451202102523E-6
995838,1.0100451202102523E-6
995839,1.0100451202102523E-6
75940,1.0100451202102523E-6
75941,1.0100451202102523E-6
75942,1.0100451202102523E-6
75943,1.0100451202102523E-6
75944,1.0100451202102523E-6
75945,1.0100451202102523E-6
560150,1.0100451202102523E-6
75946,1.0100451202102523E-6
560151,1.0100451202102523E-6
75947,1.0100451202102523E-6
560152,1.0100451202102523E-6
75948,1.0100451202102523E-6
995840,1.0100451202102523E-6
285670,1.0100451202102523E-6
995687,1.0100451202102523E-6
285671,1.0100451202102523E-6
995688,1.0100451202102523E-6
285672,1.0100451202102523E-6
995689,1.0100451202102523E-6
285673,1.0100451202102523E-6
285674,1.0100451202102523E-6
285675,1.0100451202102523E-6
285676,1.0100451202102523E-6
285677,1.0100451202102523E-6
285678,1.0100451202102523E-6
285679,1.0100451202102523E-6
995690,1.0100451202102523E-6
995691,1.0100451202102523E-6
995692,1.0100451202102523E-6
995693,1.0100451202102523E-6
995694,1.0100451202102523E-6
995695,1.0100451202102523E-6
995696,1.0100451202102523E-6
285680,1.0100451202102523E-6
995697,1.0100451202102523E-6
285681,1.0100451202102523E-6
995698,1.0100451202102523E-6
285682,1.0100451202102523E-6
995699,1.0100451202102523E-6
285683,1.0100451202102523E-6
285684,1.0100451202102523E-6
285685,1.0100451202102523E-6
285686,1.0100451202102523E-6
285687,1.0100451202102523E-6
285688,1.0100451202102523E-6
285689,1.0100451202102523E-6
285690,1.0100451202102523E-6
285691,1.0100451202102523E-6
285692,1.0100451202102523E-6
285693,1.0100451202102523E-6
285694,1.0100451202102523E-6
285695,1.0100451202102523E-6
285696,1.0100451202102523E-6
285697,1.0100451202102523E-6
285698,1.0100451202102523E-6
285699,1.0100451202102523E-6
995643,1.0100451202102523E-6
995644,1.0100451202102523E-6
995645,1.0100451202102523E-6
995646,1.0100451202102523E-6
285630,1.0100451202102523E-6
995647,1.0100451202102523E-6
285631,1.0100451202102523E-6
995648,1.0100451202102523E-6
285632,1.0100451202102523E-6
995649,1.0100451202102523E-6
285633,1.0100451202102523E-6
285634,1.0100451202102523E-6
285635,1.0100451202102523E-6
285636,1.0100451202102523E-6
285637,1.0100451202102523E-6
285638,1.0100451202102523E-6
285639,1.0100451202102523E-6
995650,1.0100451202102523E-6
995651,1.0100451202102523E-6
995652,1.0100451202102523E-6
995653,1.0100451202102523E-6
995654,1.0100451202102523E-6
995655,1.0100451202102523E-6
995656,1.0100451202102523E-6
285640,1.0100451202102523E-6
995657,1.0100451202102523E-6
285641,1.0100451202102523E-6
995658,1.0100451202102523E-6
285642,1.0100451202102523E-6
995659,1.0100451202102523E-6
285643,1.0100451202102523E-6
285644,1.0100451202102523E-6
285645,1.0100451202102523E-6
285646,1.0100451202102523E-6
285647,1.0100451202102523E-6
285648,1.0100451202102523E-6
285649,1.0100451202102523E-6
995660,1.0100451202102523E-6
995661,1.0100451202102523E-6
995662,1.0100451202102523E-6
995663,1.0100451202102523E-6
995664,1.0100451202102523E-6
995665,1.0100451202102523E-6
995666,1.0100451202102523E-6
285650,1.0100451202102523E-6
995667,1.0100451202102523E-6
285651,1.0100451202102523E-6
995668,1.0100451202102523E-6
285652,1.0100451202102523E-6
995669,1.0100451202102523E-6
285653,1.0100451202102523E-6
285654,1.0100451202102523E-6
285655,1.0100451202102523E-6
285656,1.0100451202102523E-6
285657,1.0100451202102523E-6
285658,1.0100451202102523E-6
285659,1.0100451202102523E-6
995670,1.0100451202102523E-6
995671,1.0100451202102523E-6
995672,1.0100451202102523E-6
995673,1.0100451202102523E-6
995674,1.0100451202102523E-6
995675,1.0100451202102523E-6
995676,1.0100451202102523E-6
285660,1.0100451202102523E-6
995677,1.0100451202102523E-6
285661,1.0100451202102523E-6
995678,1.0100451202102523E-6
285662,1.0100451202102523E-6
995679,1.0100451202102523E-6
285663,1.0100451202102523E-6
285664,1.0100451202102523E-6
285665,1.0100451202102523E-6
285666,1.0100451202102523E-6
285667,1.0100451202102523E-6
285668,1.0100451202102523E-6
285669,1.0100451202102523E-6
995680,1.0100451202102523E-6
995681,1.0100451202102523E-6
995682,1.0100451202102523E-6
995683,1.0100451202102523E-6
995684,1.0100451202102523E-6
995685,1.0100451202102523E-6
995686,1.0100451202102523E-6
153610,1.0100451202102523E-6
153611,1.0100451202102523E-6
153612,1.0100451202102523E-6
153613,1.0100451202102523E-6
153614,1.0100451202102523E-6
153615,1.0100451202102523E-6
153616,1.0100451202102523E-6
153617,1.0100451202102523E-6
153618,1.0100451202102523E-6
153619,1.0100451202102523E-6
153600,1.0100451202102523E-6
153601,1.0100451202102523E-6
153602,1.0100451202102523E-6
153603,1.0100451202102523E-6
153604,1.0100451202102523E-6
153605,1.0100451202102523E-6
153606,1.0100451202102523E-6
153607,1.0100451202102523E-6
153608,1.0100451202102523E-6
153609,1.0100451202102523E-6
153550,1.0100451202102523E-6
153551,1.0100451202102523E-6
153552,1.0100451202102523E-6
153553,1.0100451202102523E-6
153554,1.0100451202102523E-6
153555,1.0100451202102523E-6
153556,1.0100451202102523E-6
153557,1.0100451202102523E-6
153558,1.0100451202102523E-6
153559,1.0100451202102523E-6
10,1.0045120210252272E-8
11,1.0100451202102523E-6
12,1.0100451202102523E-6
13,1.0100451202102523E-6
153540,1.0100451202102523E-6
14,1.0100451202102523E-6
153541,1.0100451202102523E-6
15,1.0100451202102523E-6
153542,1.0100451202102523E-6
153543,1.0100451202102523E-6
16,1.0100451202102523E-6
153544,1.0100451202102523E-6
17,1.0100451202102523E-6
153545,1.0100451202102523E-6
18,1.0100451202102523E-6
153546,1.0100451202102523E-6
19,1.0100451202102523E-6
153547,1.0100451202102523E-6
153548,1.0100451202102523E-6
153549,1.0100451202102523E-6
20,1.0100451202102523E-6
21,1.0100451202102523E-6
153571,1.0100451202102523E-6
22,1.0100451202102523E-6
153572,1.0100451202102523E-6
23,1.0100451202102523E-6
153573,1.0100451202102523E-6
24,1.0100451202102523E-6
153574,1.0100451202102523E-6
25,1.0100451202102523E-6
153575,1.0100451202102523E-6
26,1.0100451202102523E-6
153576,1.0100451202102523E-6
27,1.0100451202102523E-6
153577,1.0100451202102523E-6
28,1.0100451202102523E-6
153578,1.0100451202102523E-6
29,1.0100451202102523E-6
153579,1.0100451202102523E-6
30,1.0100451202102523E-6
153580,1.0100451202102523E-6
31,1.0100451202102523E-6
153581,1.0100451202102523E-6
32,1.0100451202102523E-6
153560,1.0100451202102523E-6
33,1.0100451202102523E-6
153561,1.0100451202102523E-6
34,1.0100451202102523E-6
153562,1.0100451202102523E-6
35,1.0100451202102523E-6
153563,1.0100451202102523E-6
36,1.0100451202102523E-6
153564,1.0100451202102523E-6
37,1.0100451202102523E-6
153565,1.0100451202102523E-6
38,1.0100451202102523E-6
153566,1.0100451202102523E-6
39,1.0100451202102523E-6
153567,1.0100451202102523E-6
153568,1.0100451202102523E-6
153569,1.0100451202102523E-6
40,1.0100451202102523E-6
41,1.0100451202102523E-6
42,1.0100451202102523E-6
153570,1.0100451202102523E-6
43,1.0100451202102523E-6
44,1.0100451202102523E-6
560076,1.0100451202102523E-6
45,1.0100451202102523E-6
560077,1.0100451202102523E-6
46,1.0100451202102523E-6
560078,1.0100451202102523E-6
47,1.0100451202102523E-6
560079,1.0100451202102523E-6
48,1.0100451202102523E-6
153510,1.0100451202102523E-6
49,1.0100451202102523E-6
153511,1.0100451202102523E-6
153512,1.0100451202102523E-6
153513,1.0100451202102523E-6
153514,1.0100451202102523E-6
153515,1.0100451202102523E-6
153516,1.0100451202102523E-6
153517,1.0100451202102523E-6
153518,1.0100451202102523E-6
153519,1.0100451202102523E-6
560080,1.0100451202102523E-6
560081,1.0100451202102523E-6
50,1.0100451202102523E-6
560082,1.0100451202102523E-6
51,1.0100451202102523E-6
560083,1.0100451202102523E-6
52,1.0100451202102523E-6
560084,1.0100451202102523E-6
53,1.0100451202102523E-6
560085,1.0100451202102523E-6
54,1.0100451202102523E-6
560086,1.0100451202102523E-6
55,1.0100451202102523E-6
560087,1.0100451202102523E-6
863995,1.0100451202102523E-6
56,1.0100451202102523E-6
560088,1.0100451202102523E-6
863996,1.0100451202102523E-6
560089,1.0100451202102523E-6
57,1.0100451202102523E-6
863997,1.0100451202102523E-6
58,1.0100451202102523E-6
863998,1.0100451202102523E-6
59,1.0100451202102523E-6
863999,1.0100451202102523E-6
153500,1.0100451202102523E-6
153501,1.0100451202102523E-6
153502,1.0100451202102523E-6
153503,1.0100451202102523E-6
153504,1.0100451202102523E-6
153505,1.0100451202102523E-6
153506,1.0100451202102523E-6
153507,1.0100451202102523E-6
153508,1.0100451202102523E-6
153509,1.0100451202102523E-6
560090,1.0100451202102523E-6
560091,1.0100451202102523E-6
560092,1.0100451202102523E-6
60,1.0100451202102523E-6
560093,1.0100451202102523E-6
61,1.0100451202102523E-6
560094,1.0100451202102523E-6
62,1.0100451202102523E-6
560095,1.0100451202102523E-6
63,1.0100451202102523E-6
560096,1.0100451202102523E-6
64,1.0100451202102523E-6
560097,1.0100451202102523E-6
65,1.0100451202102523E-6
560098,1.0100451202102523E-6
66,1.0100451202102523E-6
560099,1.0100451202102523E-6
67,1.0100451202102523E-6
68,1.0100451202102523E-6
153530,1.0100451202102523E-6
69,1.0100451202102523E-6
153531,1.0100451202102523E-6
153532,1.0100451202102523E-6
153533,1.0100451202102523E-6
153534,1.0100451202102523E-6
153535,1.0100451202102523E-6
153536,1.0100451202102523E-6
153537,1.0100451202102523E-6
153538,1.0100451202102523E-6
153539,1.0100451202102523E-6
70,1.0100451202102523E-6
