(4329237,3)
(10239122,1)
(8396613,2)
(1740585,1)
(9397297,1)
(9868988,1)
(6916932,1)
(6773085,2)
(10866298,1)
(10245620,1)
(3161342,6)
(11004257,1)
(10786567,1)
(1530537,2)
(6788845,2)
(462712,1)
(3369135,1)
(9346293,1)
(9589302,1)
(7537068,1)
(8772101,1)
(9853489,1)
(7894639,1)
(10861914,3)
(9014769,1)
(5944224,1)
(3507078,1)
(670018,3)
(1738308,8)
(10856604,1)
(8879329,1)
(8718020,1)
(8291060,1)
(2078120,9)
(7073676,1)
(9581283,1)
(2535258,1)
(375908,18)
(9052488,1)
(2201537,9)
(1779132,2)
(10024814,1)
(3817740,1)
(10000108,1)
(9556489,3)
(10712405,1)
(8799931,1)
(10237818,2)
(8920719,1)
(9942985,1)
(8840150,1)
(5387511,1)
(3883657,3)
(980276,9)
(1165164,5)
(2438931,128)
(947507,5)
(8296524,1)
(1552614,1)
(4704384,1)
(10522677,1)
(9333585,2)
(9136575,2)
(7233795,1)
(2279208,1)
(3378801,3)
(9743896,1)
(6608187,1)
(7282250,1)
(5796175,2)
(1159738,2)
(9104796,2)
(8809911,10)
(10429158,1)
(7421903,1)
(8616726,1)
(8559199,1)
(5406096,4)
(5765070,1)
(7422687,3)
(10313174,1)
(2686134,1)
(4847854,1)
(9284283,1)
(3896428,2)
(1297230,21)
(5172799,1)
(9635472,1)
(10653456,1)
(10376490,1)
(9091953,2)
(16841,3)
(6318576,1)
(4518921,1)
(324481,1)
(9939204,1)
(9430550,1)
(6504795,1)
(10798898,1)
(10321094,1)
(1926309,5)
(9024867,3)
(4626985,2)
(9333431,1)
(1330719,1)
(1484719,1)
(8757793,2)
(6636663,7)
(3560015,1)
(9861200,13)
(11135388,1)
(9789337,1)
(3358380,3)
(8322803,1)
(417695,12)
(1872552,1)
(944023,1)
(8904140,1)
(8872182,2)
(3936397,1)
(9436897,1)
(10471692,1)
(9314838,2)
(7643240,1)
(4298467,2)
(2624358,1)
(7068050,1)
(1391893,24)
(9916434,1)
(9922770,2)
(4973430,1)
(6523767,18)
(7287200,3)
(7539309,2)
(3403884,3)
(1012767,4)
(10303887,1)
(5357965,1)
(11206451,1)
(3501542,3)
(5586916,1)
(11065098,1)
(9133712,1)
(5535192,2)
(555629,4)
(94575,1)
(1457665,1)
(2050364,4)
(6815754,2)
(3263529,58)
(7451702,1)
(635756,6)
(7666524,6)
(10195996,1)
(7580141,5)
(1003956,20)
(6584869,5)
(9901980,1)
(10696521,1)
(9095391,1)
(9731312,1)
(8896195,3)
(3996490,1)
(2102933,2)
(369644,1)
(2523279,2)
(9181999,8)
(296609,15)
(4506799,7)
(6246251,2)
(1664223,1)
(3899830,4)
(9102527,6)
(10694307,1)
(4191159,24)
(5011490,26)
(5842191,1)
(2456715,1)
(9405341,1)
(779540,49)
(6511887,5)
(1587814,9)
(9410552,1)
(456728,1)
(10825851,1)
(11124209,2)
(9583461,1)
(4718299,1)
(1371705,1)
(9316593,1)
(198220,8)
(5034323,1)
(11228286,1)
(10104680,1)
(7103717,1)
(2383969,3)
(9625176,1)
(7986943,1)
(1934166,1)
(2606871,1)
(1090185,1)
(10549399,1)
(8812232,1)
(6587163,3)
(1346037,1)
(10623107,2)
(10273818,5)
(9106127,2)
(10141689,1)
(4726777,1)
(3187272,6)
(2718796,1)
(2289955,1)
(2951058,6)
(11274997,1)
(9932931,1)
(4474074,2)
(9887608,1)
(2427384,1)
(9085257,1)
(5803798,1)
(14014,3)
(10245675,1)
(5734696,1)
(10322903,1)
(1954227,1)
(3531099,3)
(2562186,2)
(10103096,1)
(10911882,1)
(3057285,1)
(6588216,1)
(402493,6)
(300234,9)
(7068267,2)
(8430768,3)
(4915100,1)
(4428138,1)
(9839629,1)
(3468586,4)
(9062289,4)
(10134542,1)
(10118702,1)
(1607686,1)
(9174357,2)
(2812359,8)
(994532,1)
(9411407,1)
(9133569,1)
(9716256,2)
(7603307,1)
(4196659,17)
(9112760,1)
(1368529,40)
(4518327,1)
(10622315,1)
(8539344,1)
(7678,13)
(6574590,2)
(10644645,1)
(9786961,1)
(285458,26)
(2480538,1)
(10451496,1)
(3200609,7)
(10307531,2)
(6632351,8)
(4083032,1)
(10769179,1)
(976055,2)
(1846119,23)
(4129004,3)
(6624035,4)
(5001851,3)
(1537594,7)
(4440125,1)
(901318,39)
(6805601,2)
(7069293,5)
(9767601,2)
(3131309,1)
(9030491,3)
(9971901,1)
(111045,2)
(1098592,1)
(10038053,1)
(2794080,2)
(6543512,1)
(5056653,1)
(4565613,1)
(10755264,1)
(10488360,1)
(957407,5)
(9628344,3)
(6824763,3)
(9406386,1)
(11079453,1)
(4199214,1)
(2559153,1)
(11010098,1)
(2977087,1)
(4169352,1)
(1568680,4)
(10419258,1)
(2291088,81)
(214591,1)
(5456514,15)
(3932085,3)
(10972731,1)
(3379909,24)
(903073,3)
(10922574,1)
(9050769,1)
(2171793,3)
(9066708,2)
(8363745,3)
(4151108,4)
(8952930,22)
(592204,3)
(4508210,1)
(9427239,1)
(10715466,1)
(10793307,1)
(10925409,1)
(9379837,1)
(2487757,3)
(10310113,1)
(10734276,1)
(9970911,1)
(5280401,2)
(1730289,1)
(1673881,1)
(739030,39)
(10198191,1)
(9915345,1)
(4692135,1)
(11245061,1)
(3369847,2)
(10188769,1)
(2638768,2)
(3090521,4)
(10551945,1)
(4042992,3)
(8263854,2)
(10972830,1)
(78988,6)
(8950815,1)
(9493984,4)
(6590303,27)
(9922734,2)
(2773001,2)
(2811350,1)
(5109816,1)
(1437252,30)
(1444858,5)
(1701461,1)
(9732195,1)
(7486380,1)
(9944613,2)
(2848035,1)
(10028766,1)
(2305938,2)
(8379324,1)
(8465256,1)
(237820,1)
(3016343,1)
(6264035,3)
(9861318,1)
(2189811,5)
(11021681,1)
(3285958,51)
(197546,2)
(10237557,1)
(4586557,1)
(4794556,1)
(9502325,1)
(11261937,1)
(10877647,2)
(10288696,1)
(10005086,1)
(7281620,1)
(2187930,4)
(9899362,1)
(3921690,3)
(10508600,1)
(10632710,2)
(10147728,1)
(5742327,8)
(2300023,2)
(2921655,1)
(11189244,1)
(3886564,1)
(7442649,1)
(9720062,2)
(10626564,1)
(5267479,1)
(9636264,2)
(2769781,1)
(230692,1)
(5109357,1)
(10756452,1)
(9220832,3)
(11160858,2)
(10506260,1)
(808998,1)
(7088661,1)
(4515618,1)
(5483703,10)
(7055144,1)
(10784037,1)
(10374889,1)
(7976089,2)
(1871364,1)
(9566587,1)
(4512882,1)
(35615,1)
(9615023,1)
(6607593,10)
(4183932,2)
(277178,1)
(218191,2)
(10965919,1)
(8327033,1)
(7916373,1)
(1022018,3)
(9558252,1)
(10383230,1)
(3297126,1)
(4560564,1)
(3323306,2)
(5024973,3)
(790501,16)
(10098426,1)
(10095519,1)
(552802,6)
(7456680,1)
(8144199,1)
(8246862,1)
(9705168,1)
(8535645,3)
(9028368,1)
(33022,12)
(1199220,29)
(6526836,1)
(10589700,1)
(1742862,4)
(2487559,3)
(4003670,1)
(2110501,3)
(2501903,1)
(1418695,2)
(4005056,1)
(283027,5)
(8700939,1)
(2847405,2)
(9154098,3)
(10437023,1)
(224950,1)
(6528096,2)
(7270370,1)
(1284126,3)
(4076553,1)
(4251684,1)
(2932608,1)
(2880534,1)
(3125991,1)
(9364734,1)
(81254,6)
(10747047,1)
(4061315,7)
(7743249,1)
(1915202,1)
(707729,6)
(6899563,1)
(11091099,1)
(4830889,1)
(9866719,1)
(365233,2)
(9811403,4)
(6907112,1)
(5508264,6)
(1952481,4)
(11231778,1)
(9066906,1)
(1314294,2)
(647834,2)
(7132364,1)
(10827237,1)
(9768745,1)
(1363920,1)
(9494325,1)
(10817571,1)
(4798200,2)
(4627164,15)
(11078210,1)
(1957387,21)
(1556511,1)
(10382655,1)
(4483597,3)
(11018711,1)
(9082944,10)
(3288829,1)
(7562871,1)
(9307485,1)
(9298819,3)
(5414871,2)
(484330,257)
(6236090,1)
(5798119,6)
(9223659,1)
(9478279,1)
(10867387,1)
(3561203,1)
(5007747,2)
(9165546,1)
(59727,5)
(2632278,26)
(7927920,1)
(9307070,1)
(9507465,1)
(9674307,1)
(5875889,1)
(7574490,1)
(10550658,1)
(3590625,4)
(3377091,1)
(9167427,1)
(3347201,10)
(10221879,1)
(10746868,3)
(11264448,1)
(9885466,7)
(3046098,1)
(447818,9)
(1211405,1)
(2621270,18)
(7387803,1)
(4214045,11)
(10420201,1)
(8908966,1)
(7492130,1)
(5759644,1)
(8111438,2)
(11091206,3)
(9588466,1)
(10982037,1)
(8922078,2)
(4212263,4)
(9020555,1)
(1516966,18)
(10142525,1)
(9025695,1)
(7431740,1)
(9586134,1)
(1873308,6)
(9049095,1)
(3898958,3)
(5855061,1)
(11240787,1)
(9449569,1)
(6729110,3)
(2187336,1)
(2487397,14)
(1630211,1)
(3367812,1)
(6560504,1)
(9146934,1)
(5713518,1)
(9634509,1)
(5041965,2)
(7106976,1)
(8594019,1)
(2718642,3)
(10013311,1)
(2954938,13)
(6787819,3)
(723767,4)
(10032888,1)
(3267327,1)
(3003833,1)
(9500507,1)
(7147962,1)
(10799734,1)
(1505328,54)
(1949250,1)
(1556052,6)
(5482452,1)
(10850826,1)
(9673515,1)
(2067898,8)
(7544358,5)
(4447957,3)
(1662405,3)
(255244,2)
(6759063,3)
(1055139,152)
(8400293,1)
(6834663,2)
(1314159,7)
(3631683,2)
(7522839,1)
(1183506,5)
(7485615,1)
(9172476,1)
(1502916,10)
(6709013,3)
(162346,2)
(7054929,1)
(8543565,1)
(1868980,4)
(9566532,2)
(10663969,2)
(9150281,1)
(8002420,1)
(10000658,1)
(11124281,2)
(1362020,1)
(3969166,1)
(10964569,1)
(1722666,1)
(600556,1)
(9179208,4)
(1018545,3)
(192442,12)
(980339,6)
(11223759,1)
(8394949,1)
(11145486,2)
(3154250,1)
(9288298,1)
(10879113,1)
(177980,1)
(3540567,1)
(1832916,1)
(2656731,2)
(6573366,1)
(11015796,1)
(8911746,7)
(7199244,3)
(6859729,1)
(8611875,2)
(8896690,3)
(3966259,1)
(3399899,14)
(2065467,17)
(4140416,5)
(10934102,1)
(8545905,4)
(10908714,1)
(8459253,1)
(6507053,2)
(6775560,1)
(1362039,5)
(3597844,3)
(8686774,1)
(7512029,1)
(7032437,1)
(9108044,1)
(9926947,1)
(1952049,13)
(10778133,1)
(10868575,1)
(1233834,9)
(1637999,1)
(9287253,1)
(3554760,1)
(2533971,1)
(10371963,1)
(6729426,6)
(357926,1)
(11031806,1)
(10968529,1)
(1434499,7)
(11002538,1)
(1771220,1)
(2403786,2)
(3860733,3)
(8306081,1)
(6516675,1)
(9475614,3)
(1708996,1)
(4401911,11)
(9314162,8)
(8856441,1)
(3109106,1)
(3103328,1)
(3882810,9)
(3360882,3)
(1643730,2)
(9118241,1)
(7856604,1)
(10834112,2)
(6884938,1)
(10039340,2)
(5518164,2)
(7206867,1)
(3102671,1)
(251699,9)
(8597322,1)
(6788232,2)
(10264485,1)
(10861851,1)
(9916632,1)
(222871,10)
(5902149,2)
(5360781,3)
(5554623,1)
(7227297,1)
(9167265,8)
(8441108,1)
(4158624,26)
(10410815,1)
(9335925,4)
(1070646,4)
(3341126,39)
(6889663,2)
(9114498,1)
(10438013,1)
(5057904,1)
(8996284,10)
(8421740,1)
(6550901,5)
(5603529,1)
(7409691,3)
(8562537,1)
(8836407,3)
(4246338,1)
(4008972,11)
(3404739,1)
(7403165,1)
(7470611,1)
(675158,35)
(9712755,1)
(10948053,1)
(9511037,1)
(1665826,2)
(4514015,1)
(11160380,1)
(3910728,12)
(1312179,1)
(2297325,2)
(2094537,18)
(10661024,1)
(9668818,1)
(2292177,4)
(9033939,4)
(1950726,30)
(8353386,1)
(71417,73)
(9559701,1)
(7052435,1)
(7794388,14)
(1190337,1)
(3920826,17)
(5811168,1)
(28523,70)
(1525524,8)
(8942931,2)
(1622283,4)
(4380744,1)
(7316504,1)
(6745879,1)
(5549115,11)
(11156637,1)
(11155430,1)
(5715886,2)
(9791226,2)
(9239986,1)
(3286849,1)
(2875576,1)
(10396966,1)
(10928569,1)
(5812969,2)
(9343430,1)
(1499308,68)
(1359853,1)
(2291448,2)
(3073232,1)
(5597581,4)
(10103915,1)
(8315612,1)
(9231065,3)
(1213674,7)
(3918126,7)
(10763896,1)
(10265538,1)
(6516936,1)
(10427321,1)
(9316953,1)
(1315347,2)
(10125335,1)
(10962237,1)
(6508557,1)
(534974,13)
(6752303,7)
(11010359,1)
(8820927,1)
(8834526,1)
(1703144,4)
(4145394,1)
(10841718,1)
(4209087,9)
(2968375,1)
(10305100,1)
(5382976,1)
(11063027,1)
(6909345,1)
(10979194,1)
(10336106,1)
(10357644,1)
(7483176,1)
(43931,6)
(2696485,3)
(1828830,2)
(10062434,1)
(5046492,27)
(3855775,1)
(275756,1)
(11259633,1)
(9525898,3)
(10644799,1)
(5951190,1)
(10305218,1)
(2596107,8)
(8313687,1)
(10519842,1)
(5061729,1)
(11195896,1)
(10637715,1)
(8802071,23)
(3469161,78)
(1212783,5)
(2494074,1)
(9809154,1)
(5165201,1)
(2374347,1)
(5036916,10)
(11080767,1)
(9579105,2)
(9429813,1)
(3174069,3)
(10912539,1)
(2335935,9)
(10847947,1)
(2281485,1)
(163949,1)
(8580005,2)
(9675685,3)
(11253242,1)
(92441,2)
(8443737,3)
(6945381,3)
(8408411,1)
(7897186,3)
(3478134,5)
(7051841,2)
(2305677,11)
(11160083,1)
(1293289,80)
(1211243,17)
(11204589,1)
(1683907,6)
(5749087,1)
(7062948,1)
(10520183,1)
(1063095,3)
(1530023,4)
(9663101,2)
(10297812,1)
(8991243,8)
(9058013,1)
(10005644,1)
(5754658,1)
(9713745,2)
(817240,2)
(10578711,2)
(2685405,3)
(294566,23)
(2882767,7)
(5660814,2)
(10831953,3)
(4401614,1)
(11238906,1)
(10574751,1)
(11117829,2)
(11271323,1)
(3232974,2)
(2709831,13)
(3264852,1)
(2249805,21)
(10670330,1)
(1022810,13)
(9775620,1)
(10938117,1)
(10598629,1)
(3235782,9)
(2006598,4)
(5943883,1)
(10126523,2)
(10427060,1)
(7435502,1)
(3427842,6)
(5729133,8)
(9244034,1)
(10788286,1)
(2631431,2)
(10150544,1)
(9251027,7)
(9450567,1)
(9214389,1)
(4074889,2)
(1989265,1)
(2377100,1)
(299219,2)
(1305645,13)
(9735011,2)
(6769378,1)
(1474657,1)
(4131902,3)
(24464,20)
(10630749,2)
(3479836,2)
(10371512,1)
(8422136,1)
(4152288,1)
(9210121,1)
(2378181,5)
(10898121,1)
(6939892,2)
(9003428,10)
(1765632,1)
(4789282,1)
(8924616,3)
(5438172,1)
(1705124,7240)
(3325836,2)
(5481228,1)
(9067275,3)
(11067636,1)
(6771168,19)
(4576918,9)
(2419662,1)
(3050822,1)
(186719,1)
(4142333,5)
(3637461,1)
(4038474,2)
(1959466,1)
(2257428,1)
(2901242,1)
(7382394,2)
(5333295,8)
(602572,2)
(10661835,1)
(618962,77)
(9989650,3)
(5456965,13)
(652982,3)
(5951811,1)
(3032958,3)
(6524702,70)
(3160019,8)
(90939,1)
(7387605,1)
(1150421,7)
(10045604,2)
(7589043,1)
(3153422,4)
(8326854,1)
(8310626,1)
(4562841,6)
(8451594,2)
(5587131,1)
(1064544,132)
(8981406,1)
(1048542,27)
(9554003,1)
(4389033,3)
(9447589,2)
(10480115,1)
(6602156,1)
(9700974,1)
(7617357,1)
(10868935,1)
(2330886,2)
(3020564,1)
(9831140,1)
(1740233,1)
(3927847,1)
(7882182,1)
(5571318,1)
(4617877,1)
(6802730,3)
(10483734,2)
(7412020,2)
(8460369,2)
(2791533,3)
(3472004,1)
(4106630,31)
(5824786,1)
