11142,46643
11142,4602
11142,6688
11142,16431
11142,11749
11142,6952
11142,11255
11142,11997
11142,14737
11142,3682
11142,7051
11142,534
11142,2340
11142,11126
11142,3493
11142,29041
11142,513
11142,7594
11142,3277
6688,46643
6688,11142
6688,4602
6688,16431
6688,11749
6688,6952
6688,11255
6688,11997
6688,14737
6688,3682
6688,7051
6688,534
6688,2340
6688,11126
6688,3493
6688,29041
6688,513
6688,7594
6688,3277
4602,46643
4602,11142
4602,6688
4602,16431
4602,11749
4602,6952
4602,11255
4602,11997
4602,14737
4602,3682
4602,7051
4602,534
4602,2340
4602,11126
4602,3493
4602,29041
4602,513
4602,7594
4602,3277
2340,46643
2340,11142
2340,4602
2340,6688
2340,16431
2340,11749
2340,6952
2340,11255
2340,11997
2340,14737
2340,3682
2340,7051
2340,534
2340,11126
2340,3493
2340,29041
2340,513
2340,7594
2340,3277
16431,46643
16431,11142
16431,4602
16431,6688
16431,11749
16431,6952
16431,11255
16431,11997
16431,14737
16431,3682
16431,7051
16431,534
16431,2340
16431,11126
16431,3493
16431,29041
16431,513
16431,7594
16431,3277
46643,11142
46643,4602
46643,6688
46643,16431
46643,11749
46643,6952
46643,11255
46643,11997
46643,14737
46643,3682
46643,7051
46643,534
46643,2340
46643,11126
46643,3493
46643,29041
46643,513
46643,7594
46643,3277
2493,46643
2493,11142
2493,4602
2493,6688
2493,16431
2493,11749
2493,6952
2493,11255
2493,11997
2493,14737
2493,3682
2493,7051
2493,534
2493,2340
2493,11126
2493,3493
2493,29041
2493,513
2493,7594
2493,3277
7051,46643
7051,11142
7051,4602
7051,6688
7051,16431
7051,11749
7051,6952
7051,11255
7051,11997
7051,14737
7051,3682
7051,534
7051,2340
7051,11126
7051,3493
7051,29041
7051,513
7051,7594
7051,3277
29041,46643
29041,11142
29041,4602
29041,6688
29041,16431
29041,11749
29041,6952
29041,11255
29041,11997
29041,14737
29041,3682
29041,7051
29041,534
29041,2340
29041,11126
29041,3493
29041,513
29041,7594
29041,3277
513,46643
513,11142
513,4602
513,6688
513,16431
513,11749
513,6952
513,11255
513,11997
513,14737
513,3682
513,7051
513,534
513,2340
513,11126
513,3493
513,29041
513,7594
513,3277
14737,46643
14737,11142
14737,4602
14737,6688
14737,16431
14737,11749
14737,6952
14737,11255
14737,11997
14737,3682
14737,7051
14737,534
14737,2340
14737,11126
14737,3493
14737,29041
14737,513
14737,7594
14737,3277
12028,46643
12028,11142
12028,4602
12028,6688
12028,16431
12028,11749
12028,6952
12028,11255
12028,11997
12028,14737
12028,3682
12028,7051
12028,534
12028,2340
12028,11126
12028,3493
12028,29041
12028,513
12028,7594
12028,3277
11749,46643
11749,11142
11749,4602
11749,6688
11749,16431
11749,6952
11749,11255
11749,11997
11749,14737
11749,3682
11749,7051
11749,534
11749,2340
11749,11126
11749,3493
11749,29041
11749,513
11749,7594
11749,3277
11997,46643
11997,11142
11997,4602
11997,6688
11997,16431
11997,11749
11997,6952
11997,11255
11997,14737
11997,3682
11997,7051
11997,534
11997,2340
11997,11126
11997,3493
11997,29041
11997,513
11997,7594
11997,3277
7594,46643
7594,11142
7594,4602
7594,6688
7594,16431
7594,11749
7594,6952
7594,11255
7594,11997
7594,14737
7594,3682
7594,7051
7594,534
7594,2340
7594,11126
7594,3493
7594,29041
7594,513
7594,3277
3277,46643
3277,11142
3277,4602
3277,6688
3277,16431
3277,11749
3277,6952
3277,11255
3277,11997
3277,14737
3277,3682
3277,7051
3277,534
3277,2340
3277,11126
3277,3493
3277,29041
3277,513
3277,7594
3682,46643
3682,11142
3682,4602
3682,6688
3682,16431
3682,11749
3682,6952
3682,11255
3682,11997
3682,14737
3682,7051
3682,534
3682,2340
3682,11126
3682,3493
3682,29041
3682,513
3682,7594
3682,3277
2323,46643
2323,11142
2323,4602
2323,6688
2323,16431
2323,11749
2323,6952
2323,11255
2323,11997
2323,14737
2323,3682
2323,7051
2323,534
2323,2340
2323,11126
2323,3493
2323,29041
2323,513
2323,7594
2323,3277
3493,46643
3493,11142
3493,4602
3493,6688
3493,16431
3493,11749
3493,6952
3493,11255
3493,11997
3493,14737
3493,3682
3493,7051
3493,534
3493,2340
3493,11126
3493,29041
3493,513
3493,7594
3493,3277
11126,46643
11126,11142
11126,4602
11126,6688
11126,16431
11126,11749
11126,6952
11126,11255
11126,11997
11126,14737
11126,3682
11126,7051
11126,534
11126,2340
11126,3493
11126,29041
11126,513
11126,7594
11126,3277
6952,46643
6952,11142
6952,4602
6952,6688
6952,16431
6952,11749
6952,11255
6952,11997
6952,14737
6952,3682
6952,7051
6952,534
6952,2340
6952,11126
6952,3493
6952,29041
6952,513
6952,7594
6952,3277
11255,46643
11255,11142
11255,4602
11255,6688
11255,16431
11255,11749
11255,6952
11255,11997
11255,14737
11255,3682
11255,7051
11255,534
11255,2340
11255,11126
11255,3493
11255,29041
11255,513
11255,7594
11255,3277
2323,21726
2323,18732
2323,48234
2323,3682
2323,23817
2339,21726
2339,18732
2339,48234
2339,3682
2339,23817
29104,21726
29104,18732
29104,48234
29104,3682
29104,23817
3682,21726
3682,18732
3682,48234
3682,23817
7051,45975
7051,18515
7051,3277
7051,11142
7051,21726
7051,3682
7051,18732
7051,7744
7051,2340
7051,11126
18515,45975
18515,3277
18515,11142
18515,21726
18515,3682
18515,7051
18515,18732
18515,7744
18515,2340
18515,11126
45975,18515
45975,3277
45975,11142
45975,21726
45975,3682
45975,7051
45975,18732
45975,7744
45975,2340
45975,11126
16270,45975
16270,18515
16270,3277
16270,11142
16270,21726
16270,3682
16270,7051
16270,18732
16270,7744
16270,2340
16270,11126
29104,45975
29104,18515
29104,3277
29104,11142
29104,21726
29104,3682
29104,7051
29104,18732
29104,7744
29104,2340
29104,11126
3682,45975
3682,18515
3682,3277
3682,11142
3682,21726
3682,7051
3682,18732
3682,7744
3682,2340
3682,11126
11126,45975
11126,18515
11126,3277
11126,11142
11126,21726
11126,3682
11126,7051
11126,18732
11126,7744
11126,2340
7744,45975
7744,18515
7744,3277
7744,11142
7744,21726
7744,3682
7744,7051
7744,18732
7744,2340
7744,11126
2339,45975
2339,18515
2339,3277
2339,11142
2339,21726
2339,3682
2339,7051
2339,18732
2339,7744
2339,2340
2339,11126
3277,45975
3277,18515
3277,11142
3277,21726
3277,3682
3277,7051
3277,18732
3277,7744
3277,2340
3277,11126
2323,45975
2323,18515
2323,3277
2323,11142
2323,21726
2323,3682
2323,7051
2323,18732
2323,7744
2323,2340
2323,11126
2340,45975
2340,18515
2340,3277
2340,11142
2340,21726
2340,3682
2340,7051
2340,18732
2340,7744
2340,11126
11142,45975
11142,18515
11142,3277
11142,21726
11142,3682
11142,7051
11142,18732
11142,7744
11142,2340
11142,11126
45785,3887
45785,11779
45785,3417
45785,4369
45785,4790
45785,3682
45785,7051
3402,3887
3402,11779
3402,45785
3402,3417
3402,4369
3402,4790
3402,3682
3402,7051
16270,3887
16270,11779
16270,45785
16270,3417
16270,4369
16270,4790
16270,3682
16270,7051
3417,3887
3417,11779
3417,45785
3417,4369
3417,4790
3417,3682
3417,7051
3682,3887
3682,11779
3682,45785
3682,3417
3682,4369
3682,4790
3682,7051
3887,11779
3887,45785
3887,3417
3887,4369
3887,4790
3887,3682
3887,7051
2339,3887
2339,11779
2339,45785
2339,3417
2339,4369
2339,4790
2339,3682
2339,7051
6688,3887
6688,11779
6688,45785
6688,3417
6688,4369
6688,4790
6688,3682
6688,7051
7051,3887
7051,11779
7051,45785
7051,3417
7051,4369
7051,4790
7051,3682
7744,22832
7744,25414
7744,4703
7744,1693
30327,22832
30327,25414
30327,7744
30327,4703
30327,1693
4703,22832
4703,25414
4703,7744
4703,1693
3682,22832
3682,25414
3682,7744
3682,4703
3682,1693
48221,3682
48221,7051
48221,6963
48221,7594
6963,3682
6963,7051
6963,48221
6963,7594
3277,3682
3277,7051
3277,48221
3277,6963
3277,7594
7594,3682
7594,7051
7594,48221
7594,6963
3682,7051
3682,48221
3682,6963
3682,7594
7051,3682
7051,48221
7051,6963
7051,7594
9164,3682
9164,7051
9164,48221
9164,6963
9164,7594
1424,47344
1424,46115
1424,3277
1424,33975
1424,4583
1424,45785
1424,46232
1424,47743
1424,44064
1424,1450
1424,16242
1424,3417
1424,409
1424,32405
1424,16031
1424,4672
1424,44072
1424,44057
1424,16201
1424,47205
1424,47250
1424,46697
1424,4046
1424,40415
1424,2136
1424,25659
1424,3364
1424,16070
1424,8528
1424,48313
1424,3487
1424,33970
1424,44058
1424,4018
1424,45971
1424,739
1424,3682
1424,47869
1424,46345
1424,48042
1424,11749
1424,3907
1424,47744
1424,46521
1424,3493
1424,11126
1424,16147
1424,3887
1424,15322
1424,5202
1424,47371
4583,47344
4583,46115
4583,3277
4583,33975
4583,45785
4583,46232
4583,47743
4583,44064
4583,1450
4583,16242
4583,3417
4583,409
4583,32405
4583,16031
4583,4672
4583,44072
4583,44057
4583,16201
4583,47205
4583,1424
4583,47250
4583,46697
4583,4046
4583,40415
4583,2136
4583,25659
4583,3364
4583,16070
4583,8528
4583,48313
4583,3487
4583,33970
4583,44058
4583,4018
4583,45971
4583,739
4583,3682
4583,47869
4583,46345
4583,48042
4583,11749
4583,3907
4583,47744
4583,46521
4583,3493
4583,11126
4583,16147
4583,3887
4583,15322
4583,5202
4583,47371
47344,46115
47344,3277
47344,33975
47344,4583
47344,45785
47344,46232
47344,47743
47344,44064
47344,1450
47344,16242
47344,3417
47344,409
47344,32405
47344,16031
47344,4672
47344,44072
47344,44057
47344,16201
47344,47205
47344,1424
47344,47250
47344,46697
47344,4046
47344,40415
47344,2136
47344,25659
47344,3364
47344,16070
47344,8528
47344,48313
47344,3487
47344,33970
47344,44058
47344,4018
47344,45971
47344,739
47344,3682
47344,47869
47344,46345
47344,48042
47344,11749
47344,3907
47344,47744
47344,46521
47344,3493
47344,11126
47344,16147
47344,3887
47344,15322
47344,5202
47344,47371
44057,47344
44057,46115
44057,3277
44057,33975
44057,4583
44057,45785
44057,46232
44057,47743
44057,44064
44057,1450
44057,16242
44057,3417
44057,409
44057,32405
44057,16031
44057,4672
44057,44072
44057,16201
44057,47205
44057,1424
44057,47250
44057,46697
44057,4046
44057,40415
44057,2136
44057,25659
44057,3364
44057,16070
44057,8528
44057,48313
44057,3487
44057,33970
44057,44058
44057,4018
44057,45971
44057,739
44057,3682
44057,47869
44057,46345
44057,48042
44057,11749
44057,3907
44057,47744
44057,46521
44057,3493
44057,11126
44057,16147
44057,3887
44057,15322
44057,5202
44057,47371
409,47344
409,46115
409,3277
409,33975
409,4583
409,45785
409,46232
409,47743
409,44064
409,1450
409,16242
409,3417
409,32405
409,16031
409,4672
409,44072
409,44057
409,16201
409,47205
409,1424
409,47250
409,46697
409,4046
409,40415
409,2136
409,25659
409,3364
409,16070
409,8528
409,48313
409,3487
409,33970
409,44058
409,4018
409,45971
409,739
409,3682
409,47869
409,46345
409,48042
409,11749
409,3907
409,47744
409,46521
409,3493
409,11126
409,16147
409,3887
409,15322
409,5202
409,47371
739,47344
739,46115
739,3277
739,33975
739,4583
739,45785
739,46232
739,47743
739,44064
739,1450
739,16242
739,3417
739,409
739,32405
739,16031
739,4672
739,44072
739,44057
739,16201
739,47205
739,1424
739,47250
739,46697
739,4046
739,40415
739,2136
739,25659
739,3364
739,16070
739,8528
739,48313
739,3487
739,33970
739,44058
739,4018
739,45971
739,3682
739,47869
739,46345
739,48042
739,11749
739,3907
739,47744
739,46521
739,3493
739,11126
739,16147
739,3887
739,15322
739,5202
739,47371
3682,47344
3682,46115
3682,3277
3682,33975
3682,4583
